42.76816084
42.789466
42.78308523
42.7905934
42.77972128
42.77358245
42.77252809
42.78032871
42.79971255
42.7859995
42.79104583
42.79098303
42.77996628
42.78965259
42.78367676
42.78024555
42.78546695
42.78767329
42.79085478
42.78614833
42.7703147
42.78255186
42.79288582
42.8036379
42.76290515
42.7778343
42.77650614
42.77101738
42.78063367
42.78354184
42.78564216
42.78688327
42.78338126
42.7843348
42.80170769
42.79475049
42.77443606
42.77589903
42.79012671
42.78653969
42.78208105
42.7840551
42.77844625
42.78055741
42.78735698
42.77822569
42.79535821
42.77948294
42.77601562
42.78505331
42.77643154
42.77207835
42.77525418
42.79068161
42.77982365
42.78144115
42.77262343
42.78227686
42.78105465
42.81326565
42.77681241
42.77947236
42.78706283
42.80953388
42.7778274
42.77968763
42.7826479
42.77109842
42.78284314
42.78065598
42.77692373
42.77531912
42.78448432
42.78008012
42.77442976
42.78395958
42.77882055
42.77917062
42.7873854
42.77968764
42.76809754
42.77793559
42.78415294
42.77361744
42.7857037
42.77544976
42.77050586
42.77424039
42.78446204
42.78230729
42.78071813
42.78599528
42.77906496
42.77823318
42.79081688
42.76062041
42.7796365
42.78717924
42.77751283
42.77059574
42.79081154
42.77227191
42.78408531
42.77847251
42.77711165
42.78597409
42.78417245
42.77650999
42.7731887
42.78379388
42.79863461
42.78203247
42.78095749
42.77477841
42.77053595
42.78427927
42.76810205
42.78176917
42.78637322
42.78334059
42.78197049
42.78259626
42.76742683
42.7853948
42.77422038
42.78133446
42.78220791
42.7781534
42.78663251
42.78299843
42.78346967
42.78119198
42.77854454
42.78246181
42.78077456
42.78576733
42.77686722
42.77605817
42.77907189
42.77791548
42.79373702
42.77799999
42.77805361
42.78645629
42.7828902
42.77046576
42.7836499
42.78307445
42.78178442
42.78325175
42.78096797
42.78714543
42.78605218
42.78024437
42.7703289
42.78228682
42.78691016
42.76966854
42.78239225
42.78316676
42.77910756
42.77558017
42.78091122
42.77923046
42.79012914
42.7840837
42.77995371
42.76679714
42.78425839
42.76812233
42.78099125
42.79785153
42.78258155
42.78186504
42.77654397
42.78733279
42.80283456
42.79011194
42.78552465
42.79101972
42.7860346
42.79567081
42.77439526
42.78278058
42.78720035
42.7898179
42.78447572
42.77581364
42.77918434
42.78672782
42.78127558
42.78171043
42.78636272
42.78086239
42.78051867
42.77867811
42.78615191
42.77920755
42.78064623
42.77879717
42.77752115
42.79020898
42.7757846
42.7821633
42.77132803
42.79232605
42.78380791
42.78780224
42.78355169
42.78006419
42.7799424
42.77317656
42.77148706
42.78591573
42.78654039
42.78347721
42.78187428
42.77624146
42.76818589
42.78541535
42.76971391
42.79973568
42.78447084
42.78045579
42.78207998
42.77875873
42.78938355
42.77771546
42.7836215
42.77938657
42.78077007
42.77991661
42.77409063
42.76546127
42.7833451
42.7799305
42.77530816
42.78261507
42.77815348
42.77509757
42.79209699
42.78084944
42.7760438
42.77464278
42.79239105
42.772673
42.785626
42.77579158
42.78292373
42.77556347
42.79863855
42.78152321
42.78387265
42.78702175
42.78495639
42.7816678
42.7861994
42.77600025
42.7744507
42.78396416
42.78166522
42.78661864
42.78546782
42.77515936
42.78002397
42.78229505
42.78243446
42.77727519
42.7824777
42.77686643
42.77373262
42.78137449
42.78083674
42.77730192
42.78056616
42.79104195
42.78500009
42.77758745
42.78085206
42.79370402
42.78217705
42.77944408
42.76924546
42.78337394
42.7820533
42.76626311
42.77767005
42.78351177
42.7845989
42.78859519
42.77965187
42.77972584
42.78578301
42.78498246
42.78316245
42.79000163
42.78114126
42.77753925
42.78620729
42.77132062
42.77719429
42.80594213
42.78652505
42.78619896
42.78301847
42.78394758
42.78264294
42.78512086
42.78150907
42.78366417
42.7802122
42.77210818
42.80546505
42.79002101
42.78140163
42.77933903
42.78264421
42.77978162
42.7810007
42.769925
42.78338169
42.77913086
42.78878425
42.7818472
42.78333863
42.78501922
42.78259028
42.78330662
42.77834799
42.77984707
42.78346366
42.77875367
42.78063097
42.78652636
42.76855553
42.78251642
42.78476141
42.78262283
42.7997647
42.78721383
42.78856908
42.78268893
42.79270115
42.79322832
42.78633525
42.78038429
42.78373293
42.78017235
42.78380552
42.78637094
42.80230436
42.78100435
42.78810679
42.78266232
42.7776942
42.77485971
42.77835607
42.79037084
42.77768293
42.78195979
42.78680819
42.78254776
42.78512016
42.78243671
42.76690465
42.78027495
42.77845525
42.77234233
42.78599626
42.77430617
42.79020052
42.78488662
42.78157285
42.79358659
42.77397917
42.78007337
42.76832087
42.78385897
42.78249716
42.7818421
42.78225576
42.78481286
42.77602236
42.78051922
42.77649119
42.78032245
42.78171167
42.77829723
42.78142185
42.78038083
42.78534568
42.78191994
42.77477537
42.78456508
42.78045864
42.7807202
42.78242083
42.79743885
42.77927105
42.77830256
42.78414962
42.78083912
42.77940262
42.77145439
42.77069351
42.78580079
42.78766686
42.78361248
42.77676801
42.7819474
42.77957349
42.78652735
42.79375511
42.78791104
42.78238897
42.79612681
42.76748585
42.78177547
42.78217085
42.78435803
42.7818835
42.78434771
42.78398216
42.78005245
42.78414424
42.78570722
42.79088566
42.77010117
42.78077777
42.7843809
42.78973894
42.78368699
42.79456234
42.78670524
42.78371011
42.77935731
42.78354524
42.77916492
42.77305595
42.79518448
42.78597564
42.77660984
42.77982806
42.78287582
42.77647761
42.78767952
42.78344753
42.78249791
42.77159944
42.78290824
42.78255581
42.77002415
42.78386272
42.78905657
42.77946057
42.78340038
42.78306425
42.78292751
42.78197473
42.78348006
42.76608348
42.78579606
42.77634309
42.78254284
42.77592598
42.77522201
42.76984852
42.78298542
42.78121667
42.78131993
42.78819259
42.79476645
42.77663975
42.77274759
42.78914299
42.77598289
42.78058956
42.7793583
42.77937957
42.77740949
42.78095097
42.77558557
42.79628401
42.76475745
42.77949084
42.78539632
42.78545796
42.77492464
42.7808492
42.77944193
42.77808507
42.78465972
42.77650819
42.77989998
42.77843253
42.78981774
42.78453378
42.78608648
42.78081988
42.77826142
42.780019
42.78378189
42.78027969
42.78625782
42.78250059
42.77633176
42.7835343
42.77955168
42.77891837
42.7864033
42.78003366
42.78059684
42.7825294
42.77286249
42.75445691
42.78073301
42.77729576
42.77630655
42.78079064
42.79087827
42.76578984
42.78839831
42.78266072
42.78113339
42.78113456
42.77970433
42.78473951
42.78433604
42.78240758
42.78837709
42.78235231
42.79411271
42.78715328
42.78351
42.78520167
42.76326498
42.77438143
42.78199163
42.78263309
42.78734739
42.78325082
42.78350375
42.7870674
42.78176837
42.78641041
42.78148107
42.78544262
42.7810526
42.79944098
42.78278813
42.78510049
42.78411758
42.77989277
42.78716499
42.77235687
42.80303198
42.78136775
42.78516346
42.78493468
42.77641537
42.77487668
42.77999171
42.78041301
42.78067421
42.77486264
42.79937458
42.78093516
42.78123008
42.77535828
42.78509878
42.7814719
42.76332078
42.78065249
42.79089466
42.78989997
42.7898689
42.77962392
42.77858583
42.79093077
42.77790582
42.78772451
42.78341016
42.78369861
42.78413981
42.77961369
42.78411155
42.78624239
42.77966332
42.77273077
42.78055891
42.75240246
42.78738445
42.77278227
42.79750517
42.79343365
42.78702896
42.78548912
42.78678149
42.81217468
42.78337457
42.78629439
42.79036367
42.78853066
42.78407651
42.79791753
42.78639779
42.78198415
42.79366344
42.77920481
42.78306762
42.78739591
42.78119345
42.78032109
42.78149446
42.78593564
42.78068471
42.78665266
42.786639
42.78227535
42.78916229
42.77757342
42.77603882
42.78147272
42.79041914
42.78324324
42.78295458
42.78366582
42.77181157
42.79494925
42.77834628
42.7752667
42.77034812
42.78412901
42.78855513
42.78328329
42.77343177
42.77983215
42.78508387
42.78956566
42.7919981
42.78302311
42.78813744
42.78035208
42.78304015
42.7751214
42.78048984
42.78061433
42.77526485
42.78078156
42.77589179
42.78568118
42.78440348
42.78178998
42.78646128
42.78170813
42.78340728
42.78825923
42.78712142
42.77724927
42.78630957
42.77749129
42.7857187
42.78747856
42.78176939
42.78131939
42.78867462
42.78274588
42.77312043
42.79787679
42.77994692
42.77596891
42.78064551
42.78394391
42.78141207
42.77343745
42.78497477
42.78983133
42.78494426
42.78481505
42.78598871
42.7812467
42.78243309
42.78434176
42.77420432
42.7705414
42.7825636
42.77925946
42.77080885
42.78141728
42.79100183
42.78671984
42.77974654
42.77076096
42.79274602
42.78454617
42.78155341
42.78204918
42.77750565
42.780714
42.78345597
42.7843393
42.78229255
42.77390914
42.77968063
42.78166418
42.77676347
42.7904744
42.78006558
42.78417551
42.78516314
42.77670593
42.7843055
42.78231579
42.78621541
42.78028359
42.77321922
42.78745
42.78294008
42.77472018
42.79658549
42.7836528
42.78881603
42.7823559
42.78653393
42.79312015
42.7794559
42.78571124
42.78375068
42.7957548
42.77628385
42.78093751
42.78754013
42.77267278
42.78805568
42.78429001
42.78621582
42.78351683
42.78124866
42.77947309
42.7830443
42.78079471
42.78530041
42.785914
42.78247389
42.78461912
42.79109002
42.78755749
42.78012887
42.77957034
42.77797601
42.78175327
42.7823445
42.79130639
42.78422658
42.77908304
42.78148222
42.78353023
42.78491396
42.77780963
42.77819755
42.78424811
42.78188484
42.78226014
42.78354947
42.78231275
42.78031061
42.78174361
42.78277495
42.77919678
42.78309235
42.77975204
42.78156221
42.78310964
42.78038453
42.77847562
42.76514423
42.78435842
42.78154974
42.78252038
42.7842033
42.78161205
42.78234336
42.79009532
42.78888675
42.78282765
42.79506257
42.77906643
42.77200292
42.78061372
42.77003521
42.78038674
42.78272479
42.77982069
42.78437419
42.79407497
42.7888444
42.78459708
42.79692918
42.78029422
42.78358833
42.78714068
42.7841368
42.78296817
42.78863066
42.77933717
42.78105478
42.77587458
42.78447372
42.76763381
42.77695108
42.78388402
42.77915831
42.78174682
42.78365763
42.782046
42.7816603
42.78060208
42.78264677
42.78099708
42.78194987
42.77951799
42.78142816
42.79951091
42.78433097
42.7818546
42.77576533
42.77486019
42.77775129
42.78277606
42.78232578
42.78698434
42.78022643
42.77064991
42.7788232
42.78247369
42.78414338
42.77762724
42.7809613
42.77995789
42.7810585
42.78646813
42.79261656
42.78347377
42.78284988
42.78776129
42.77633409
42.77817671
42.75852102
42.77824242
42.77954818
42.77804129
42.76901773
42.78610918
42.78070896
42.78362778
42.7780342
42.78224421
42.77343342
42.8147936
42.78062528
42.78453323
42.78383923
42.78065452
42.77477199
42.78136453
42.79532255
42.78336757
42.76454154
42.77150271
42.77521087
42.78776308
42.78267326
42.77538835
42.77679064
42.78230504
42.79826047
42.7824721
42.78444047
42.78926023
42.7832118
42.76562503
42.78359182
42.77500067
42.77464077
42.77619707
42.78308156
42.78048611
42.7767226
42.78297099
42.77637551
42.78391757
42.77997647
42.78522449
42.78431776
42.81122127
42.78171584
42.77982557
42.78521301
42.78279071
42.76714814
42.79684216
42.78150379
42.77650941
42.7746466
42.78997334
42.78186776
42.77953219
42.78599984
42.77889606
42.79397428
42.77939462
42.78724349
42.78021167
42.7836445
42.78603948
42.78153918
42.78731532
42.7719474
42.78143599
42.78262703
42.7811242
42.78001476
42.77441103
42.79150761
42.77983538
42.77881202
42.78234853
42.78305548
42.79941058
42.78774218
42.77521868
42.77456928
42.78764485
42.78190537
42.77106538
42.79235678
42.78634909
42.7884065
42.7802992
42.79094585
42.77795854
42.7807642
42.77763864
42.7834855
42.78673002
42.80253361
42.78250436
42.79886216
42.77689952
42.77649702
42.7883195
42.78142752
42.7930211
42.78185325
42.78199265
42.78678388
42.77732099
42.77758188
42.78147704
42.77833771
42.78190417
42.78743347
42.77999503
42.78350896
42.78543667
42.78751792
42.78679341
42.78105062
42.78916919
42.79413583
42.77825467
42.78136006
42.78022039
42.79001302
42.79851836
42.78260132
42.78166708
42.77096995
42.78425699
42.78333038
42.7807695
42.78224352
42.7813649
42.78605959
42.7836254
42.78797433
42.7894148
42.78242692
42.7875475
42.77664264
42.77447731
42.75409962
42.80537372
42.7823812
42.79426879
42.78474453
42.77952574
42.78644035
42.77380666
42.77876574
